      x1        x2         z
   -1.3083   -1.8806   -0.0103
   -0.2181   -1.1045   -0.5147
         0   -1.8438   -0.0679
   -0.9943    1.2921    0.1386
    0.1847   -0.6599   -0.8213
    0.7791    0.2042    0.2111
   -1.3083         0         0
         0         0         0
    0.9241         0         0
   -1.3083    0.2042    0.0635
    1.9040   -0.8664   -0.0206
    0.5764   -1.8806   -0.0378
   -0.2181    1.2921    0.3402
         0    0.5707    0.8170
   -1.8104   -0.8664   -0.0276
    1.9040   -0.6599   -0.0231
    0.3601   -1.2601   -0.3669
   -0.2181   -0.6599   -0.7315
    1.5431    0.7523    0.0707
    0.3601    0.2042    0.3168
   -0.6424    1.2921    0.2162
   -1.8104    0.9375    0.0245
   -0.8780    0.5707    0.3425
   -0.2181    0.5707    0.7792
    1.5431   -1.2601   -0.0392
    1.5281    1.8708    0.0060
   -1.8104    0.5707    0.0311
   -0.3847    1.4368    0.2338
    1.9040   -0.3736   -0.0178
   -1.5350    1.6392    0.0121
   -0.8780    1.8570    0.0265
    0.7791    1.4368    0.1490
   -1.8104    1.2921    0.0141
    0.3601    1.2921    0.3132
   -1.3083   -0.6599   -0.1567
   -0.8780    0.9375    0.2857
    0.1847   -1.2601   -0.3754
   -1.5350    0.3930    0.0596
   -0.3847   -1.1045   -0.4256
    0.3601    0.5707    0.7407
    0.9241   -1.7224   -0.0429
    1.5281   -0.3736   -0.0669
   -1.8104   -1.2601   -0.0151
   -1.5350   -0.9741   -0.0605
   -0.8780   -1.7224   -0.0428
   -0.9943    1.8708    0.0220
    0.1847    0.3930    0.5761
    1.5431   -1.7224   -0.0088
   -1.8104    1.6392    0.0048
    1.9040    0.9375    0.0186
   -1.9779   -1.1045   -0.0106
    1.2509   -0.9741   -0.1402
   -1.6783   -1.8438   -0.0039
    1.9040   -1.2601   -0.0103
    1.2509   -0.6599   -0.1697
    1.5431    1.8570    0.0055
   -0.2181    1.6392    0.1369
    1.5281    0.5707    0.0709
    1.2509   -1.1045   -0.1060
    1.9040    1.8570    0.0017
    1.5431   -0.3736   -0.0624
    2.0686   -0.8664   -0.0098
   -0.2181    1.4368    0.2173
    0.7791   -1.7224   -0.0578
   -1.8104   -0.6599   -0.0298
   -1.3083    0.7523    0.1419
   -1.3083   -0.1869   -0.0614
    0.5764   -0.3736   -0.4130
   -1.6783   -0.6599   -0.0465
   -0.6424   -0.6599   -0.5648
   -1.6783    0.2042    0.0230
    2.0686    0.7523    0.0099
   -1.6783   -1.8806   -0.0032
    1.5281   -1.8806   -0.0050
    0.1847    1.6392    0.1369
   -0.3847    0.5707    0.6944
         0   -1.8806   -0.0565
   -1.6783   -1.2601   -0.0215
    1.9040    1.2921    0.0097
    0.5764   -0.1869   -0.2692
   -1.9779         0         0
    0.3601    0.7523    0.7186
    0.1847    0.9375    0.6395
    1.2509   -1.2601   -0.0844
    0.5764    1.2921    0.2373
    1.2509    0.2042    0.0854
   -0.2181   -1.8438   -0.0656
    1.9040    1.8708    0.0014
    2.0686    1.8708    0.0007
    2.0686    1.8570    0.0009
   -1.8104   -1.1045   -0.0214
    1.2509   -0.8664   -0.1437
    0.9241    0.7523    0.3428
   -0.8780    0.2042    0.1761
   -0.3847   -0.8664   -0.6282
   -0.3847    1.8570    0.0521
   -0.8780   -0.1869   -0.1693
    0.1847   -1.8806   -0.0569
   -0.9943   -1.1045   -0.2132
   -1.9779    1.2921    0.0068
    1.5431   -1.8806   -0.0056
    0.7791    0.5707    0.3881
         0    0.7523    0.8003
    0.9241    1.8570    0.0263
   -1.6783    1.8570    0.0040
   -1.5350    1.2921    0.0346
    0.7791   -0.9741   -0.3315
   -1.5350   -1.8806   -0.0051
   -1.5350   -0.6599   -0.0682
    1.2509   -0.3736   -0.1273
    0.5764   -0.9741   -0.4823
   -0.6424   -1.7224   -0.0731
   -1.5350   -0.3736   -0.0564
    0.5764   -1.7224   -0.0764
         0    1.8708    0.0543
    1.5431         0         0
         0   -0.9741   -0.6332
    1.9040    0.3930    0.0176
    1.9040         0         0
    0.9241    0.5707    0.3611
   -1.3083    0.9375    0.1182
    0.7791    1.2921    0.2140
   -1.9779    0.9375    0.0133
   -1.6783    1.8708    0.0035
   -0.3847   -1.7224   -0.0818
    2.0686    0.2042    0.0058
   -0.3847   -1.2601   -0.3544
    0.7791   -0.1869   -0.2149
   -0.6424   -0.1869   -0.2255
   -0.9943   -1.7224   -0.0411
   -0.6424   -1.8438   -0.0396
   -0.8780   -0.3736   -0.2973
   -1.3083   -1.7224   -0.0183
    0.1847    0.7523    0.7416
   -0.2181    0.9375    0.5765
    0.7791         0         0
   -1.8104   -1.7224   -0.0036
   -0.8780    0.3930    0.2948
    2.0686   -0.3736   -0.0089
    1.5281   -1.7224   -0.0090
   -0.3847   -1.8438   -0.0542
   -0.8780   -1.8438   -0.0283
    1.5281    1.6392    0.0123
   -0.9943    0.2042    0.1510
   -0.8780   -1.1045   -0.2239
   -0.6424   -1.8806   -0.0398
   -0.2181   -0.8664   -0.7091
    0.5764   -1.2601   -0.2688
    1.2509    0.7523    0.1468
    0.5764         0         0
    2.0686   -1.7224   -0.0015
    0.5764    1.8708    0.0405
   -1.9779   -0.1869   -0.0068
    1.5431    1.2921    0.0346
    0.5764    1.4368    0.1624
    0.3601   -0.3736   -0.5407
    1.5281    0.7523    0.0704
   -0.6424    0.3930    0.4483
   -0.3847    1.8708    0.0454
    2.0686   -0.6599   -0.0117
         0   -0.8664   -0.7078
    0.3601    1.8708    0.0512
   -0.2181   -1.8806   -0.0505
   -1.3083    1.2921    0.0674
    0.3601   -1.8806   -0.0518
    0.5764   -0.6599   -0.5629
    1.2509   -0.1869   -0.0753
         0    1.8570    0.0564
    0.3601    0.9375    0.6120
    1.2509    1.4368    0.0538
   -0.2181    0.2042    0.3933
    2.0686   -1.8806   -0.0008
    1.5431    0.3930    0.0597
   -0.9943         0         0
    0.9241    1.8708    0.0228
    0.7791   -1.8806   -0.0289
    1.2509    0.3930    0.1346
    2.0686    1.4368    0.0038
   -1.5350   -1.8438   -0.0062
         0   -0.3736   -0.6400
   -0.3847    0.3930    0.6194
   -0.9943   -0.3736   -0.2134
   -1.5350    1.8570    0.0057
   -0.3847   -0.1869   -0.3016
    1.5281    0.9375    0.0704
   -0.2181    1.8570    0.0638
   -0.8780   -0.6599   -0.3598
    0.1847   -0.1869   -0.3782
   -1.3083   -0.9741   -0.1104
    2.0686    0.5707    0.0100
    1.9040    1.4368    0.0070
    0.5764   -1.8438   -0.0435
    0.9241   -0.6599   -0.3522
    0.1847   -1.8438   -0.0578
   -0.6424    1.4368    0.1527
   -1.3083    0.5707    0.1494
    0.9241    1.2921    0.1653
    1.9040    0.5707    0.0191
   -0.2181    0.3930    0.6046
   -0.6424    1.8708    0.0382
    1.5281    1.4368    0.0258
   -1.8104    1.8570    0.0021
    0.9241    1.6392    0.0599
    1.2509    1.2921    0.0823
    0.1847    1.8708    0.0561
    1.5281         0         0
   -1.5350   -0.8664   -0.0703
   -0.8780    1.4368    0.1109
   -1.6783   -1.1045   -0.0295
   -1.9779    1.8570    0.0013
   -0.6424   -1.1045   -0.3751
    0.1847    1.4368    0.2645
   -0.3847   -0.6599   -0.6800
    2.0686         0         0
    2.0686    0.9375    0.0086
    1.5281    1.8570    0.0056
   -1.9779    0.2042    0.0076
   -0.6424         0         0
    1.9040   -1.1045   -0.0152
   -0.9943    1.8570    0.0246
    0.3601   -1.1045   -0.4967
   -1.8104    1.4368    0.0093
   -1.3083   -0.3736   -0.1118
   -1.3083    1.8570    0.0101
    1.5431   -1.1045   -0.0476
   -0.3847   -0.3736   -0.5322
    1.5281   -0.6599   -0.0805
    1.5281   -1.8438   -0.0057
    1.5431   -0.8664   -0.0646
   -1.5350   -0.1869   -0.0369
   -1.9779    1.4368    0.0053
   -0.6424    1.6392    0.0869
    0.5764   -0.8664   -0.5009
    0.5764    0.7523    0.5044
    2.0686   -1.1045   -0.0074
    0.1847   -0.9741   -0.6024
   -1.9779   -1.8806   -0.0012
   -1.6783   -0.1869   -0.0222
    0.3601   -1.7224   -0.0856
   -1.9779   -0.8664   -0.0151
    0.7791   -0.6599   -0.4379
    0.3601   -0.8664   -0.6266
    0.7791   -0.8664   -0.4263
   -1.6783         0         0
   -1.3083    0.3930    0.1299
    1.9040    0.7523    0.0219
   -0.8780    1.8708    0.0267
    0.9241    0.3930    0.2578
   -1.5350         0         0
         0   -1.7224   -0.0974
   -1.6783   -0.8664   -0.0418
    1.5431    0.5707    0.0726
   -1.5350    0.9375    0.0661
   -1.8104    0.7523    0.0287
   -1.6783    0.7523    0.0510
   -0.8780   -1.8806   -0.0280
   -0.8780    1.6392    0.0683
    0.5764   -1.1045   -0.3725
    0.7791   -1.1045   -0.2921
    0.5764    1.6392    0.1001
   -0.8780   -1.2601   -0.1628
    1.5281    1.2921    0.0350
   -0.6424    0.9375    0.4151
         0   -0.6599   -0.7378
    1.5431   -0.9741   -0.0586
   -1.6783    1.2921    0.0209
    1.5431    0.9375    0.0557
   -0.9943   -1.8806   -0.0199
    0.3601         0         0
   -0.6424   -1.2601   -0.2389
   -1.5350   -1.2601   -0.0376
   -0.9943    0.3930    0.2347
   -1.9779    0.5707    0.0164
    1.5431    1.4368    0.0221
    0.9241    1.4368    0.1167
    2.0686   -1.2601   -0.0053
   -0.9943   -1.8438   -0.0248
    0.3601    1.4368    0.2412
   -1.6783    1.6392    0.0085
   -1.9779   -0.9741   -0.0141
   -1.9779   -1.8438   -0.0014
   -1.5350    0.7523    0.0779
    2.0686   -0.9741   -0.0091
    0.9241   -0.3736   -0.2883
   -1.9779   -0.6599   -0.0173
   -1.8104    0.2042    0.0148
   -0.9943    1.4368    0.0960
    1.9040    0.2042    0.0103
    0.3601    1.8570    0.0522
    0.5764    0.3930    0.4440
         0   -0.1869   -0.3371
    1.5281   -0.8664   -0.0632
   -1.9779   -0.3736   -0.0138
   -0.9943   -1.2601   -0.1486
    1.5431   -0.1869   -0.0311
    1.9040   -1.8438   -0.0018
   -1.9779   -1.2601   -0.0072
   -0.6424   -0.3736   -0.4108
    1.2509    0.5707    0.1521
    1.2509    1.6392    0.0292
   -0.6424   -0.9741   -0.3826
    2.0686    1.2921    0.0053
    0.1847    0.2042    0.3389
   -1.6783    0.9375    0.0377
   -1.5350   -1.1045   -0.0502
   -1.8104   -1.8806   -0.0022
   -0.9943   -0.6599   -0.3181
   -1.3083    1.6392    0.0256
    1.5281   -1.2601   -0.0349
    1.2509    1.8570    0.0115
    2.0686   -0.1869   -0.0053
   -1.9779    1.8708    0.0011
   -1.6783   -0.3736   -0.0359
    1.9040   -1.8806   -0.0015
    0.7791    0.9375    0.3691
   -1.9779    1.6392    0.0026
    1.9040   -1.7224   -0.0026
    1.2509         0         0
    0.9241   -0.8664   -0.3325
    1.5281   -0.1869   -0.0328
   -1.3083   -1.1045   -0.0949
   -0.6424    0.5707    0.5452
   -1.5350    1.8708    0.0055
   -0.2181   -1.7224   -0.1050
   -0.3847    1.2921    0.2876
    0.7791    0.3930    0.3308
   -0.8780         0         0
   -1.3083   -1.2601   -0.0752
   -0.9943    0.5707    0.3093
   -1.3083   -0.8664   -0.1359
   -0.2181   -0.1869   -0.3276
   -1.3083   -1.8438   -0.0124
    2.0686   -1.8438   -0.0009
    1.2509    0.9375    0.1290
    0.7791   -1.2601   -0.1991
   -0.3847    1.6392    0.1140
    1.9040   -0.1869   -0.0086
    0.9241   -1.2601   -0.1586
    1.5281   -1.1045   -0.0467
   -0.2181    1.8708    0.0571
   -0.2181   -0.3736   -0.5494
    0.3601   -0.6599   -0.7456
   -1.9779   -1.7224   -0.0020
    1.5281   -0.9741   -0.0591
    1.5431   -1.8438   -0.0059
         0   -1.2601   -0.4083
   -0.8780   -0.9741   -0.2974
   -0.2181   -0.9741   -0.6186
   -0.9943    1.6392    0.0467
    1.5431    1.6392    0.0128
         0    1.6392    0.1484
   -1.6783    0.5707    0.0494
   -0.9943    0.7523    0.3065
    1.9040    1.6392    0.0038
    0.9241    0.9375    0.2740
   -1.6783    1.4368    0.0158
    0.5764    1.8570    0.0464
   -1.8104    0.3930    0.0244
   -0.3847         0         0
    1.2509   -1.8438   -0.0148
    0.1847    1.8570    0.0641
   -0.3847   -1.8806   -0.0520
    0.9241   -0.1869   -0.1527
    1.5431   -0.6599   -0.0681
   -1.5350    0.2042    0.0333
    0.3601    1.6392    0.1254
   -1.3083    1.8708    0.0103
   -0.9943   -0.9741   -0.2348
   -0.6424    0.7523    0.4991
    0.1847    0.5707    0.8099
    2.0686    0.3930    0.0086
   -0.8780   -0.8664   -0.3580
    0.1847   -0.3736   -0.6628
    0.3601    0.3930    0.5855
    0.1847    1.2921    0.3381
    0.3601   -0.9741   -0.5684
    0.9241   -0.9741   -0.2554
    1.5431    1.8708    0.0054
   -1.6783    0.3930    0.0416
   -0.2181   -1.2601   -0.3384
   -0.3847    0.9375    0.5424
   -1.9779    0.3930    0.0122
    0.5764    0.5707    0.5381
   -1.8104   -0.3736   -0.0256
   -0.2181    0.7523    0.7500
         0    0.2042    0.4059
    1.9040   -0.9741   -0.0184
   -1.6783   -1.7224   -0.0064
   -1.5350    1.4368    0.0243
    0.9241   -1.8806   -0.0238
   -1.5350   -1.7224   -0.0093
   -0.6424   -0.8664   -0.4974
    0.7791   -1.8438   -0.0334
   -1.8104   -1.8438   -0.0025
         0    0.9375    0.7218
   -1.8104         0         0
   -0.9943   -0.8664   -0.2570
    0.5764    0.9375    0.4515
         0   -1.1045   -0.5479
    0.1847   -1.7224   -0.0898
    2.0686    1.6392    0.0018
    0.1847   -1.1045   -0.5198
   -0.6424    1.8570    0.0388
    1.2509    1.8708    0.0114
    1.5281    0.3930    0.0594
   -1.8104    1.8708    0.0021
   -0.3847    0.7523    0.6700
   -1.8104   -0.1869   -0.0123
    0.3601   -1.8438   -0.0511
    0.9241    0.2042    0.1770
    0.1847   -0.8664   -0.7215
    0.9241   -1.8438   -0.0296
   -1.5350    0.5707    0.0672
    0.7791    1.6392    0.0789
    0.7791    1.8708    0.0308
   -1.3083    1.4368    0.0499
    0.9241   -1.1045   -0.2301
    0.7791   -0.3736   -0.3723
    0.5764    0.2042    0.2582
    1.5431    0.2042    0.0353
   -1.9779    0.7523    0.0150
    0.1847         0         0
   -0.9943    0.9375    0.2694
   -0.6424    0.2042    0.2754
   -0.8780    0.7523    0.3308
    1.2509   -1.7224   -0.0230
    0.7791    0.7523    0.4133
   -0.9943   -0.1869   -0.1241
   -0.2181         0         0
   -0.3847   -0.9741   -0.5862
         0    1.4368    0.2436
   -0.8780    1.2921    0.1597
    1.2509   -1.8806   -0.0123
   -0.3847    0.2042    0.3192
         0    1.2921    0.3615
    0.7791    1.8570    0.0311
    0.3601   -0.1869   -0.2988
         0    0.3930    0.6831
   -1.8104   -0.9741   -0.0230
    1.5281    0.2042    0.0372
   -1.6783   -0.9741   -0.0360
